{
 "cells": [
  {
   "cell_type": "markdown",
   "id": "e0aa8a9a",
   "metadata": {},
   "source": [
    "# Facebook data analysis"
   ]
  },
  {
   "cell_type": "markdown",
   "id": "5a50d5b9",
   "metadata": {},
   "source": [
    "Python version 3"
   ]
  },
  {
   "cell_type": "code",
   "execution_count": 7,
   "id": "f8c33518",
   "metadata": {},
   "outputs": [],
   "source": [
    "# import libraries\n",
    "import numpy as np\n",
    "import pandas as pd"
   ]
  },
  {
   "cell_type": "code",
   "execution_count": 8,
   "id": "c5166ee6",
   "metadata": {},
   "outputs": [],
   "source": [
    "df = pd.read_csv('Facebook.csv')"
   ]
  },
  {
   "cell_type": "code",
   "execution_count": 9,
   "id": "4d84a5d9",
   "metadata": {},
   "outputs": [
    {
     "name": "stdout",
     "output_type": "stream",
     "text": [
      "    userid  age  dob_day  dob_year  dob_month  gender  tenure  friend_count  \\\n",
      "0  2094382   14       19      1999         11    male   266.0             0   \n",
      "1  1192601   14        2      1999         11  female     6.0             0   \n",
      "2  2083884   14       16      1999         11    male    13.0             0   \n",
      "3  1203168   14       25      1999         12  female    93.0             0   \n",
      "4  1733186   14        4      1999         12    male    82.0             0   \n",
      "\n",
      "   friendships_initiated  likes  likes_received  mobile_likes  \\\n",
      "0                      0      0               0             0   \n",
      "1                      0      0               0             0   \n",
      "2                      0      0               0             0   \n",
      "3                      0      0               0             0   \n",
      "4                      0      0               0             0   \n",
      "\n",
      "   mobile_likes_received  www_likes  www_likes_received  \n",
      "0                      0          0                   0  \n",
      "1                      0          0                   0  \n",
      "2                      0          0                   0  \n",
      "3                      0          0                   0  \n",
      "4                      0          0                   0  \n"
     ]
    }
   ],
   "source": [
    "print(df.head())"
   ]
  },
  {
   "cell_type": "code",
   "execution_count": 4,
   "id": "35c71cec",
   "metadata": {},
   "outputs": [
    {
     "name": "stdout",
     "output_type": "stream",
     "text": [
      "<class 'pandas.core.frame.DataFrame'>\n",
      "RangeIndex: 99003 entries, 0 to 99002\n",
      "Data columns (total 15 columns):\n",
      " #   Column                 Non-Null Count  Dtype  \n",
      "---  ------                 --------------  -----  \n",
      " 0   userid                 99003 non-null  int64  \n",
      " 1   age                    99003 non-null  int64  \n",
      " 2   dob_day                99003 non-null  int64  \n",
      " 3   dob_year               99003 non-null  int64  \n",
      " 4   dob_month              99003 non-null  int64  \n",
      " 5   gender                 98828 non-null  object \n",
      " 6   tenure                 99001 non-null  float64\n",
      " 7   friend_count           99003 non-null  int64  \n",
      " 8   friendships_initiated  99003 non-null  int64  \n",
      " 9   likes                  99003 non-null  int64  \n",
      " 10  likes_received         99003 non-null  int64  \n",
      " 11  mobile_likes           99003 non-null  int64  \n",
      " 12  mobile_likes_received  99003 non-null  int64  \n",
      " 13  www_likes              99003 non-null  int64  \n",
      " 14  www_likes_received     99003 non-null  int64  \n",
      "dtypes: float64(1), int64(13), object(1)\n",
      "memory usage: 11.3+ MB\n",
      "None\n"
     ]
    }
   ],
   "source": [
    "print(df.info())"
   ]
  },
  {
   "cell_type": "code",
   "execution_count": 5,
   "id": "7a054878",
   "metadata": {},
   "outputs": [
    {
     "name": "stdout",
     "output_type": "stream",
     "text": [
      "        userid  age  dob_day  dob_year  dob_month  gender  tenure  \\\n",
      "98998  1268299   68        4      1945          4  female   541.0   \n",
      "98999  1256153   18       12      1995          3  female    21.0   \n",
      "99000  1195943   15       10      1998          5  female   111.0   \n",
      "99001  1468023   23       11      1990          4  female   416.0   \n",
      "99002  1397896   39       15      1974          5  female   397.0   \n",
      "\n",
      "       friend_count  friendships_initiated  likes  likes_received  \\\n",
      "98998          2118                    341   3996           18089   \n",
      "98999          1968                   1720   4401           13412   \n",
      "99000          2002                   1524  11959           12554   \n",
      "99001          2560                    185   4506            6516   \n",
      "99002          2049                    768   9410           12443   \n",
      "\n",
      "       mobile_likes  mobile_likes_received  www_likes  www_likes_received  \n",
      "98998          3505                  11887        491                6202  \n",
      "98999          4399                  10592          2                2820  \n",
      "99000         11959                  11462          0                1092  \n",
      "99001          4506                   5760          0                 756  \n",
      "99002          9410                   9530          0                2913  \n"
     ]
    }
   ],
   "source": [
    "print(df.tail())"
   ]
  },
  {
   "cell_type": "code",
   "execution_count": 10,
   "id": "b3ebc6da",
   "metadata": {},
   "outputs": [
    {
     "name": "stdout",
     "output_type": "stream",
     "text": [
      "userid                     0\n",
      "age                        0\n",
      "dob_day                    0\n",
      "dob_year                   0\n",
      "dob_month                  0\n",
      "gender                   175\n",
      "tenure                     2\n",
      "friend_count               0\n",
      "friendships_initiated      0\n",
      "likes                      0\n",
      "likes_received             0\n",
      "mobile_likes               0\n",
      "mobile_likes_received      0\n",
      "www_likes                  0\n",
      "www_likes_received         0\n",
      "dtype: int64\n"
     ]
    }
   ],
   "source": [
    "# find total null or blank values of each column\n",
    "print(df.isnull().sum())"
   ]
  },
  {
   "cell_type": "code",
   "execution_count": 7,
   "id": "5dd05cb0",
   "metadata": {},
   "outputs": [
    {
     "data": {
      "text/plain": [
       "count     98828\n",
       "unique        2\n",
       "top        male\n",
       "freq      58574\n",
       "Name: gender, dtype: object"
      ]
     },
     "execution_count": 7,
     "metadata": {},
     "output_type": "execute_result"
    }
   ],
   "source": [
    "df['gender'].describe()"
   ]
  },
  {
   "cell_type": "code",
   "execution_count": 8,
   "id": "7314d516",
   "metadata": {},
   "outputs": [
    {
     "data": {
      "text/plain": [
       "male      58574\n",
       "female    40254\n",
       "Name: gender, dtype: int64"
      ]
     },
     "execution_count": 8,
     "metadata": {},
     "output_type": "execute_result"
    }
   ],
   "source": [
    "df['gender'].value_counts()"
   ]
  },
  {
   "cell_type": "code",
   "execution_count": 9,
   "id": "8dfca28a",
   "metadata": {},
   "outputs": [
    {
     "name": "stdout",
     "output_type": "stream",
     "text": [
      "Collecting sklearn\n",
      "  Downloading sklearn-0.0.post9.tar.gz (3.6 kB)\n",
      "  Preparing metadata (setup.py): started\n",
      "  Preparing metadata (setup.py): finished with status 'done'\n",
      "Building wheels for collected packages: sklearn\n",
      "  Building wheel for sklearn (setup.py): started\n",
      "  Building wheel for sklearn (setup.py): finished with status 'done'\n",
      "  Created wheel for sklearn: filename=sklearn-0.0.post9-py3-none-any.whl size=2970 sha256=3950c0e077de20ee444e587af24577eea2fa31251f5da0df134f1cf2bd08db22\n",
      "  Stored in directory: c:\\users\\acer\\appdata\\local\\pip\\cache\\wheels\\ef\\63\\d1\\f1671e1e93b7ef4d35df483f9b2485e6dd21941da9a92296fb\n",
      "Successfully built sklearn\n",
      "Installing collected packages: sklearn\n",
      "Successfully installed sklearn-0.0.post9\n"
     ]
    }
   ],
   "source": [
    "!pip install sklearn"
   ]
  },
  {
   "cell_type": "code",
   "execution_count": 10,
   "id": "7b0350d5",
   "metadata": {},
   "outputs": [
    {
     "name": "stderr",
     "output_type": "stream",
     "text": [
      "C:\\Users\\acer\\AppData\\Local\\Temp\\ipykernel_7908\\4212406737.py:1: FutureWarning: The default value of numeric_only in DataFrame.corr is deprecated. In a future version, it will default to False. Select only valid columns or specify the value of numeric_only to silence this warning.\n",
      "  print(df.corr())\n"
     ]
    },
    {
     "name": "stdout",
     "output_type": "stream",
     "text": [
      "                         userid       age   dob_day  dob_year  dob_month  \\\n",
      "userid                 1.000000 -0.007265 -0.000839  0.007265   0.002924   \n",
      "age                   -0.007265  1.000000  0.035035 -1.000000   0.025167   \n",
      "dob_day               -0.000839  0.035035  1.000000 -0.035035   0.129443   \n",
      "dob_year               0.007265 -1.000000 -0.035035  1.000000  -0.025167   \n",
      "dob_month              0.002924  0.025167  0.129443 -0.025167   1.000000   \n",
      "tenure                -0.003446  0.462742  0.041855 -0.462742   0.029446   \n",
      "friend_count          -0.001314 -0.027407  0.021961  0.027407   0.019804   \n",
      "friendships_initiated -0.001591 -0.058059  0.022999  0.058059   0.020075   \n",
      "likes                 -0.002875 -0.013009  0.015980  0.013009   0.014147   \n",
      "likes_received         0.001526 -0.022570  0.001367  0.022570   0.006495   \n",
      "mobile_likes          -0.004868 -0.026715  0.014541  0.026715   0.010400   \n",
      "mobile_likes_received  0.001753 -0.024248  0.000497  0.024248   0.006435   \n",
      "www_likes              0.001828  0.015585  0.009353 -0.015585   0.012136   \n",
      "www_likes_received     0.001074 -0.018224  0.002460  0.018224   0.006003   \n",
      "\n",
      "                         tenure  friend_count  friendships_initiated  \\\n",
      "userid                -0.003446     -0.001314              -0.001591   \n",
      "age                    0.462742     -0.027407              -0.058059   \n",
      "dob_day                0.041855      0.021961               0.022999   \n",
      "dob_year              -0.462742      0.027407               0.058059   \n",
      "dob_month              0.029446      0.019804               0.020075   \n",
      "tenure                 1.000000      0.166256               0.133505   \n",
      "friend_count           0.166256      1.000000               0.825850   \n",
      "friendships_initiated  0.133505      0.825850               1.000000   \n",
      "likes                  0.057132      0.298017               0.285592   \n",
      "likes_received         0.027745      0.236463               0.175131   \n",
      "mobile_likes           0.028052      0.235656               0.229808   \n",
      "mobile_likes_received  0.023971      0.232701               0.173804   \n",
      "www_likes              0.070757      0.229803               0.214022   \n",
      "www_likes_received     0.030553      0.220727               0.161439   \n",
      "\n",
      "                          likes  likes_received  mobile_likes  \\\n",
      "userid                -0.002875        0.001526     -0.004868   \n",
      "age                   -0.013009       -0.022570     -0.026715   \n",
      "dob_day                0.015980        0.001367      0.014541   \n",
      "dob_year               0.013009        0.022570      0.026715   \n",
      "dob_month              0.014147        0.006495      0.010400   \n",
      "tenure                 0.057132        0.027745      0.028052   \n",
      "friend_count           0.298017        0.236463      0.235656   \n",
      "friendships_initiated  0.285592        0.175131      0.229808   \n",
      "likes                  1.000000        0.327376      0.871652   \n",
      "likes_received         0.327376        1.000000      0.256998   \n",
      "mobile_likes           0.871652        0.256998      1.000000   \n",
      "mobile_likes_received  0.329258        0.973679      0.288513   \n",
      "www_likes              0.644960        0.255365      0.187619   \n",
      "www_likes_received     0.295687        0.947990      0.190173   \n",
      "\n",
      "                       mobile_likes_received  www_likes  www_likes_received  \n",
      "userid                              0.001753   0.001828            0.001074  \n",
      "age                                -0.024248   0.015585           -0.018224  \n",
      "dob_day                             0.000497   0.009353            0.002460  \n",
      "dob_year                            0.024248  -0.015585            0.018224  \n",
      "dob_month                           0.006435   0.012136            0.006003  \n",
      "tenure                              0.023971   0.070757            0.030553  \n",
      "friend_count                        0.232701   0.229803            0.220727  \n",
      "friendships_initiated               0.173804   0.214022            0.161439  \n",
      "likes                               0.329258   0.644960            0.295687  \n",
      "likes_received                      0.973679   0.255365            0.947990  \n",
      "mobile_likes                        0.288513   0.187619            0.190173  \n",
      "mobile_likes_received               1.000000   0.209997            0.850490  \n",
      "www_likes                           0.209997   1.000000            0.296053  \n",
      "www_likes_received                  0.850490   0.296053            1.000000  \n"
     ]
    }
   ],
   "source": [
    "print(df.corr())"
   ]
  },
  {
   "cell_type": "code",
   "execution_count": 11,
   "id": "863c5176",
   "metadata": {
    "scrolled": true
   },
   "outputs": [
    {
     "name": "stderr",
     "output_type": "stream",
     "text": [
      "C:\\Users\\acer\\AppData\\Local\\Temp\\ipykernel_11448\\1134722465.py:1: FutureWarning: The default value of numeric_only in DataFrame.corr is deprecated. In a future version, it will default to False. Select only valid columns or specify the value of numeric_only to silence this warning.\n",
      "  df.corr()\n"
     ]
    },
    {
     "data": {
      "text/html": [
       "<div>\n",
       "<style scoped>\n",
       "    .dataframe tbody tr th:only-of-type {\n",
       "        vertical-align: middle;\n",
       "    }\n",
       "\n",
       "    .dataframe tbody tr th {\n",
       "        vertical-align: top;\n",
       "    }\n",
       "\n",
       "    .dataframe thead th {\n",
       "        text-align: right;\n",
       "    }\n",
       "</style>\n",
       "<table border=\"1\" class=\"dataframe\">\n",
       "  <thead>\n",
       "    <tr style=\"text-align: right;\">\n",
       "      <th></th>\n",
       "      <th>userid</th>\n",
       "      <th>age</th>\n",
       "      <th>dob_day</th>\n",
       "      <th>dob_year</th>\n",
       "      <th>dob_month</th>\n",
       "      <th>tenure</th>\n",
       "      <th>friend_count</th>\n",
       "      <th>friendships_initiated</th>\n",
       "      <th>likes</th>\n",
       "      <th>likes_received</th>\n",
       "      <th>mobile_likes</th>\n",
       "      <th>mobile_likes_received</th>\n",
       "      <th>www_likes</th>\n",
       "      <th>www_likes_received</th>\n",
       "    </tr>\n",
       "  </thead>\n",
       "  <tbody>\n",
       "    <tr>\n",
       "      <th>userid</th>\n",
       "      <td>1.000000</td>\n",
       "      <td>-0.007265</td>\n",
       "      <td>-0.000839</td>\n",
       "      <td>0.007265</td>\n",
       "      <td>0.002924</td>\n",
       "      <td>-0.003446</td>\n",
       "      <td>-0.001314</td>\n",
       "      <td>-0.001591</td>\n",
       "      <td>-0.002875</td>\n",
       "      <td>0.001526</td>\n",
       "      <td>-0.004868</td>\n",
       "      <td>0.001753</td>\n",
       "      <td>0.001828</td>\n",
       "      <td>0.001074</td>\n",
       "    </tr>\n",
       "    <tr>\n",
       "      <th>age</th>\n",
       "      <td>-0.007265</td>\n",
       "      <td>1.000000</td>\n",
       "      <td>0.035035</td>\n",
       "      <td>-1.000000</td>\n",
       "      <td>0.025167</td>\n",
       "      <td>0.462742</td>\n",
       "      <td>-0.027407</td>\n",
       "      <td>-0.058059</td>\n",
       "      <td>-0.013009</td>\n",
       "      <td>-0.022570</td>\n",
       "      <td>-0.026715</td>\n",
       "      <td>-0.024248</td>\n",
       "      <td>0.015585</td>\n",
       "      <td>-0.018224</td>\n",
       "    </tr>\n",
       "    <tr>\n",
       "      <th>dob_day</th>\n",
       "      <td>-0.000839</td>\n",
       "      <td>0.035035</td>\n",
       "      <td>1.000000</td>\n",
       "      <td>-0.035035</td>\n",
       "      <td>0.129443</td>\n",
       "      <td>0.041855</td>\n",
       "      <td>0.021961</td>\n",
       "      <td>0.022999</td>\n",
       "      <td>0.015980</td>\n",
       "      <td>0.001367</td>\n",
       "      <td>0.014541</td>\n",
       "      <td>0.000497</td>\n",
       "      <td>0.009353</td>\n",
       "      <td>0.002460</td>\n",
       "    </tr>\n",
       "    <tr>\n",
       "      <th>dob_year</th>\n",
       "      <td>0.007265</td>\n",
       "      <td>-1.000000</td>\n",
       "      <td>-0.035035</td>\n",
       "      <td>1.000000</td>\n",
       "      <td>-0.025167</td>\n",
       "      <td>-0.462742</td>\n",
       "      <td>0.027407</td>\n",
       "      <td>0.058059</td>\n",
       "      <td>0.013009</td>\n",
       "      <td>0.022570</td>\n",
       "      <td>0.026715</td>\n",
       "      <td>0.024248</td>\n",
       "      <td>-0.015585</td>\n",
       "      <td>0.018224</td>\n",
       "    </tr>\n",
       "    <tr>\n",
       "      <th>dob_month</th>\n",
       "      <td>0.002924</td>\n",
       "      <td>0.025167</td>\n",
       "      <td>0.129443</td>\n",
       "      <td>-0.025167</td>\n",
       "      <td>1.000000</td>\n",
       "      <td>0.029446</td>\n",
       "      <td>0.019804</td>\n",
       "      <td>0.020075</td>\n",
       "      <td>0.014147</td>\n",
       "      <td>0.006495</td>\n",
       "      <td>0.010400</td>\n",
       "      <td>0.006435</td>\n",
       "      <td>0.012136</td>\n",
       "      <td>0.006003</td>\n",
       "    </tr>\n",
       "    <tr>\n",
       "      <th>tenure</th>\n",
       "      <td>-0.003446</td>\n",
       "      <td>0.462742</td>\n",
       "      <td>0.041855</td>\n",
       "      <td>-0.462742</td>\n",
       "      <td>0.029446</td>\n",
       "      <td>1.000000</td>\n",
       "      <td>0.166256</td>\n",
       "      <td>0.133505</td>\n",
       "      <td>0.057132</td>\n",
       "      <td>0.027745</td>\n",
       "      <td>0.028052</td>\n",
       "      <td>0.023971</td>\n",
       "      <td>0.070757</td>\n",
       "      <td>0.030553</td>\n",
       "    </tr>\n",
       "    <tr>\n",
       "      <th>friend_count</th>\n",
       "      <td>-0.001314</td>\n",
       "      <td>-0.027407</td>\n",
       "      <td>0.021961</td>\n",
       "      <td>0.027407</td>\n",
       "      <td>0.019804</td>\n",
       "      <td>0.166256</td>\n",
       "      <td>1.000000</td>\n",
       "      <td>0.825850</td>\n",
       "      <td>0.298017</td>\n",
       "      <td>0.236463</td>\n",
       "      <td>0.235656</td>\n",
       "      <td>0.232701</td>\n",
       "      <td>0.229803</td>\n",
       "      <td>0.220727</td>\n",
       "    </tr>\n",
       "    <tr>\n",
       "      <th>friendships_initiated</th>\n",
       "      <td>-0.001591</td>\n",
       "      <td>-0.058059</td>\n",
       "      <td>0.022999</td>\n",
       "      <td>0.058059</td>\n",
       "      <td>0.020075</td>\n",
       "      <td>0.133505</td>\n",
       "      <td>0.825850</td>\n",
       "      <td>1.000000</td>\n",
       "      <td>0.285592</td>\n",
       "      <td>0.175131</td>\n",
       "      <td>0.229808</td>\n",
       "      <td>0.173804</td>\n",
       "      <td>0.214022</td>\n",
       "      <td>0.161439</td>\n",
       "    </tr>\n",
       "    <tr>\n",
       "      <th>likes</th>\n",
       "      <td>-0.002875</td>\n",
       "      <td>-0.013009</td>\n",
       "      <td>0.015980</td>\n",
       "      <td>0.013009</td>\n",
       "      <td>0.014147</td>\n",
       "      <td>0.057132</td>\n",
       "      <td>0.298017</td>\n",
       "      <td>0.285592</td>\n",
       "      <td>1.000000</td>\n",
       "      <td>0.327376</td>\n",
       "      <td>0.871652</td>\n",
       "      <td>0.329258</td>\n",
       "      <td>0.644960</td>\n",
       "      <td>0.295687</td>\n",
       "    </tr>\n",
       "    <tr>\n",
       "      <th>likes_received</th>\n",
       "      <td>0.001526</td>\n",
       "      <td>-0.022570</td>\n",
       "      <td>0.001367</td>\n",
       "      <td>0.022570</td>\n",
       "      <td>0.006495</td>\n",
       "      <td>0.027745</td>\n",
       "      <td>0.236463</td>\n",
       "      <td>0.175131</td>\n",
       "      <td>0.327376</td>\n",
       "      <td>1.000000</td>\n",
       "      <td>0.256998</td>\n",
       "      <td>0.973679</td>\n",
       "      <td>0.255365</td>\n",
       "      <td>0.947990</td>\n",
       "    </tr>\n",
       "    <tr>\n",
       "      <th>mobile_likes</th>\n",
       "      <td>-0.004868</td>\n",
       "      <td>-0.026715</td>\n",
       "      <td>0.014541</td>\n",
       "      <td>0.026715</td>\n",
       "      <td>0.010400</td>\n",
       "      <td>0.028052</td>\n",
       "      <td>0.235656</td>\n",
       "      <td>0.229808</td>\n",
       "      <td>0.871652</td>\n",
       "      <td>0.256998</td>\n",
       "      <td>1.000000</td>\n",
       "      <td>0.288513</td>\n",
       "      <td>0.187619</td>\n",
       "      <td>0.190173</td>\n",
       "    </tr>\n",
       "    <tr>\n",
       "      <th>mobile_likes_received</th>\n",
       "      <td>0.001753</td>\n",
       "      <td>-0.024248</td>\n",
       "      <td>0.000497</td>\n",
       "      <td>0.024248</td>\n",
       "      <td>0.006435</td>\n",
       "      <td>0.023971</td>\n",
       "      <td>0.232701</td>\n",
       "      <td>0.173804</td>\n",
       "      <td>0.329258</td>\n",
       "      <td>0.973679</td>\n",
       "      <td>0.288513</td>\n",
       "      <td>1.000000</td>\n",
       "      <td>0.209997</td>\n",
       "      <td>0.850490</td>\n",
       "    </tr>\n",
       "    <tr>\n",
       "      <th>www_likes</th>\n",
       "      <td>0.001828</td>\n",
       "      <td>0.015585</td>\n",
       "      <td>0.009353</td>\n",
       "      <td>-0.015585</td>\n",
       "      <td>0.012136</td>\n",
       "      <td>0.070757</td>\n",
       "      <td>0.229803</td>\n",
       "      <td>0.214022</td>\n",
       "      <td>0.644960</td>\n",
       "      <td>0.255365</td>\n",
       "      <td>0.187619</td>\n",
       "      <td>0.209997</td>\n",
       "      <td>1.000000</td>\n",
       "      <td>0.296053</td>\n",
       "    </tr>\n",
       "    <tr>\n",
       "      <th>www_likes_received</th>\n",
       "      <td>0.001074</td>\n",
       "      <td>-0.018224</td>\n",
       "      <td>0.002460</td>\n",
       "      <td>0.018224</td>\n",
       "      <td>0.006003</td>\n",
       "      <td>0.030553</td>\n",
       "      <td>0.220727</td>\n",
       "      <td>0.161439</td>\n",
       "      <td>0.295687</td>\n",
       "      <td>0.947990</td>\n",
       "      <td>0.190173</td>\n",
       "      <td>0.850490</td>\n",
       "      <td>0.296053</td>\n",
       "      <td>1.000000</td>\n",
       "    </tr>\n",
       "  </tbody>\n",
       "</table>\n",
       "</div>"
      ],
      "text/plain": [
       "                         userid       age   dob_day  dob_year  dob_month  \\\n",
       "userid                 1.000000 -0.007265 -0.000839  0.007265   0.002924   \n",
       "age                   -0.007265  1.000000  0.035035 -1.000000   0.025167   \n",
       "dob_day               -0.000839  0.035035  1.000000 -0.035035   0.129443   \n",
       "dob_year               0.007265 -1.000000 -0.035035  1.000000  -0.025167   \n",
       "dob_month              0.002924  0.025167  0.129443 -0.025167   1.000000   \n",
       "tenure                -0.003446  0.462742  0.041855 -0.462742   0.029446   \n",
       "friend_count          -0.001314 -0.027407  0.021961  0.027407   0.019804   \n",
       "friendships_initiated -0.001591 -0.058059  0.022999  0.058059   0.020075   \n",
       "likes                 -0.002875 -0.013009  0.015980  0.013009   0.014147   \n",
       "likes_received         0.001526 -0.022570  0.001367  0.022570   0.006495   \n",
       "mobile_likes          -0.004868 -0.026715  0.014541  0.026715   0.010400   \n",
       "mobile_likes_received  0.001753 -0.024248  0.000497  0.024248   0.006435   \n",
       "www_likes              0.001828  0.015585  0.009353 -0.015585   0.012136   \n",
       "www_likes_received     0.001074 -0.018224  0.002460  0.018224   0.006003   \n",
       "\n",
       "                         tenure  friend_count  friendships_initiated  \\\n",
       "userid                -0.003446     -0.001314              -0.001591   \n",
       "age                    0.462742     -0.027407              -0.058059   \n",
       "dob_day                0.041855      0.021961               0.022999   \n",
       "dob_year              -0.462742      0.027407               0.058059   \n",
       "dob_month              0.029446      0.019804               0.020075   \n",
       "tenure                 1.000000      0.166256               0.133505   \n",
       "friend_count           0.166256      1.000000               0.825850   \n",
       "friendships_initiated  0.133505      0.825850               1.000000   \n",
       "likes                  0.057132      0.298017               0.285592   \n",
       "likes_received         0.027745      0.236463               0.175131   \n",
       "mobile_likes           0.028052      0.235656               0.229808   \n",
       "mobile_likes_received  0.023971      0.232701               0.173804   \n",
       "www_likes              0.070757      0.229803               0.214022   \n",
       "www_likes_received     0.030553      0.220727               0.161439   \n",
       "\n",
       "                          likes  likes_received  mobile_likes  \\\n",
       "userid                -0.002875        0.001526     -0.004868   \n",
       "age                   -0.013009       -0.022570     -0.026715   \n",
       "dob_day                0.015980        0.001367      0.014541   \n",
       "dob_year               0.013009        0.022570      0.026715   \n",
       "dob_month              0.014147        0.006495      0.010400   \n",
       "tenure                 0.057132        0.027745      0.028052   \n",
       "friend_count           0.298017        0.236463      0.235656   \n",
       "friendships_initiated  0.285592        0.175131      0.229808   \n",
       "likes                  1.000000        0.327376      0.871652   \n",
       "likes_received         0.327376        1.000000      0.256998   \n",
       "mobile_likes           0.871652        0.256998      1.000000   \n",
       "mobile_likes_received  0.329258        0.973679      0.288513   \n",
       "www_likes              0.644960        0.255365      0.187619   \n",
       "www_likes_received     0.295687        0.947990      0.190173   \n",
       "\n",
       "                       mobile_likes_received  www_likes  www_likes_received  \n",
       "userid                              0.001753   0.001828            0.001074  \n",
       "age                                -0.024248   0.015585           -0.018224  \n",
       "dob_day                             0.000497   0.009353            0.002460  \n",
       "dob_year                            0.024248  -0.015585            0.018224  \n",
       "dob_month                           0.006435   0.012136            0.006003  \n",
       "tenure                              0.023971   0.070757            0.030553  \n",
       "friend_count                        0.232701   0.229803            0.220727  \n",
       "friendships_initiated               0.173804   0.214022            0.161439  \n",
       "likes                               0.329258   0.644960            0.295687  \n",
       "likes_received                      0.973679   0.255365            0.947990  \n",
       "mobile_likes                        0.288513   0.187619            0.190173  \n",
       "mobile_likes_received               1.000000   0.209997            0.850490  \n",
       "www_likes                           0.209997   1.000000            0.296053  \n",
       "www_likes_received                  0.850490   0.296053            1.000000  "
      ]
     },
     "execution_count": 11,
     "metadata": {},
     "output_type": "execute_result"
    }
   ],
   "source": [
    "df.corr()"
   ]
  },
  {
   "cell_type": "code",
   "execution_count": 12,
   "id": "c264c86b",
   "metadata": {},
   "outputs": [
    {
     "name": "stdout",
     "output_type": "stream",
     "text": [
      "Requirement already satisfied: seaborn in c:\\users\\acer\\anaconda3\\lib\\site-packages (0.12.2)\n",
      "Requirement already satisfied: numpy!=1.24.0,>=1.17 in c:\\users\\acer\\anaconda3\\lib\\site-packages (from seaborn) (1.24.3)\n",
      "Requirement already satisfied: pandas>=0.25 in c:\\users\\acer\\anaconda3\\lib\\site-packages (from seaborn) (1.5.3)\n",
      "Requirement already satisfied: matplotlib!=3.6.1,>=3.1 in c:\\users\\acer\\anaconda3\\lib\\site-packages (from seaborn) (3.7.1)\n",
      "Requirement already satisfied: contourpy>=1.0.1 in c:\\users\\acer\\anaconda3\\lib\\site-packages (from matplotlib!=3.6.1,>=3.1->seaborn) (1.0.5)\n",
      "Requirement already satisfied: cycler>=0.10 in c:\\users\\acer\\anaconda3\\lib\\site-packages (from matplotlib!=3.6.1,>=3.1->seaborn) (0.11.0)\n",
      "Requirement already satisfied: fonttools>=4.22.0 in c:\\users\\acer\\anaconda3\\lib\\site-packages (from matplotlib!=3.6.1,>=3.1->seaborn) (4.25.0)\n",
      "Requirement already satisfied: kiwisolver>=1.0.1 in c:\\users\\acer\\anaconda3\\lib\\site-packages (from matplotlib!=3.6.1,>=3.1->seaborn) (1.4.4)\n",
      "Requirement already satisfied: packaging>=20.0 in c:\\users\\acer\\anaconda3\\lib\\site-packages (from matplotlib!=3.6.1,>=3.1->seaborn) (23.0)\n",
      "Requirement already satisfied: pillow>=6.2.0 in c:\\users\\acer\\anaconda3\\lib\\site-packages (from matplotlib!=3.6.1,>=3.1->seaborn) (9.4.0)\n",
      "Requirement already satisfied: pyparsing>=2.3.1 in c:\\users\\acer\\anaconda3\\lib\\site-packages (from matplotlib!=3.6.1,>=3.1->seaborn) (3.0.9)\n",
      "Requirement already satisfied: python-dateutil>=2.7 in c:\\users\\acer\\anaconda3\\lib\\site-packages (from matplotlib!=3.6.1,>=3.1->seaborn) (2.8.2)\n",
      "Requirement already satisfied: pytz>=2020.1 in c:\\users\\acer\\anaconda3\\lib\\site-packages (from pandas>=0.25->seaborn) (2022.7)\n",
      "Requirement already satisfied: six>=1.5 in c:\\users\\acer\\anaconda3\\lib\\site-packages (from python-dateutil>=2.7->matplotlib!=3.6.1,>=3.1->seaborn) (1.16.0)\n",
      "Note: you may need to restart the kernel to use updated packages.\n"
     ]
    }
   ],
   "source": [
    "pip install seaborn"
   ]
  },
  {
   "cell_type": "code",
   "execution_count": 13,
   "id": "fb449721",
   "metadata": {},
   "outputs": [],
   "source": [
    "import seaborn as sb\n",
    "import matplotlib.pyplot as mp"
   ]
  },
  {
   "cell_type": "code",
   "execution_count": 15,
   "id": "68f8337e",
   "metadata": {},
   "outputs": [
    {
     "name": "stderr",
     "output_type": "stream",
     "text": [
      "C:\\Users\\acer\\AppData\\Local\\Temp\\ipykernel_7908\\4229511046.py:2: FutureWarning: The default value of numeric_only in DataFrame.corr is deprecated. In a future version, it will default to False. Select only valid columns or specify the value of numeric_only to silence this warning.\n",
      "  dataplot = sb.heatmap(df.corr(), cmap=\"YlGnBu\", annot=True)\n"
     ]
    },
    {
     "data": {
